{
    "asset": {
        "version": "2.0",
        "generator": "Open Asset Import Library (assimp v5.2.0)"
    },
    "extensionsUsed": [
        "KHR_materials_pbrSpecularGlossiness",
        "FB_ngon_encoding"
    ],
    "accessors": [
        {
            "bufferView": 0,
            "byteOffset": 0,
            "componentType": 5126,
            "count": 266,
            "type": "VEC3",
            "max": [
                1.6836458444595338,
                1.9376285076141358,
                2.5631067752838136
            ],
            "min": [
                1.0256118774414063,
                -1.9177250862121583,
                0.09827893227338791
            ]
        },
        {
            "bufferView": 1,
            "byteOffset": 0,
            "componentType": 5126,
            "count": 266,
            "type": "VEC3",
            "max": [
                0.9983729124069214,
                0.9961947798728943,
                0.9961947798728943
            ],
            "min": [
                -0.9924041032791138,
                -0.9961947798728943,
                -0.9961947798728943
            ]
        },
        {
            "bufferView": 2,
            "byteOffset": 0,
            "componentType": 5126,
            "count": 266,
            "type": "VEC2",
            "max": [
                0.9971411824226379,
                0.9971805214881897
            ],
            "min": [
                0.11928190290927887,
                0.5055426359176636
            ]
        },
        {
            "bufferView": 3,
            "byteOffset": 0,
            "componentType": 5125,
            "count": 534,
            "type": "SCALAR",
            "max": [
                265
            ],
            "min": [
                0
            ]
        },
        {
            "bufferView": 4,
            "byteOffset": 0,
            "componentType": 5126,
            "count": 32,
            "type": "VEC3",
            "max": [
                1.4208383560180665,
                0.24201875925064088,
                1.8344124555587769
            ],
            "min": [
                0.4078204035758972,
                -0.26844486594200137,
                1.5268853902816773
            ]
        },
        {
            "bufferView": 5,
            "byteOffset": 0,
            "componentType": 5126,
            "count": 32,
            "type": "VEC3",
            "max": [
                1.0,
                1.0,
                1.0
            ],
            "min": [
                -0.9765535593032837,
                -1.0,
                -1.0
            ]
        },
        {
            "bufferView": 6,
            "byteOffset": 0,
            "componentType": 5126,
            "count": 32,
            "type": "VEC2",
            "max": [
                0.9936463832855225,
                0.1376059651374817
            ],
            "min": [
                0.8206300139427185,
                0.013689100742340088
            ]
        },
        {
            "bufferView": 7,
            "byteOffset": 0,
            "componentType": 5125,
            "count": 60,
            "type": "SCALAR",
            "max": [
                31
            ],
            "min": [
                0
            ]
        },
        {
            "bufferView": 8,
            "byteOffset": 0,
            "componentType": 5126,
            "count": 266,
            "type": "VEC3",
            "max": [
                -1.025611162185669,
                1.937629222869873,
                2.5631067752838136
            ],
            "min": [
                -1.6836469173431397,
                -1.9177244901657105,
                0.09827876836061478
            ]
        },
        {
            "bufferView": 9,
            "byteOffset": 0,
            "componentType": 5126,
            "count": 266,
            "type": "VEC3",
            "max": [
                0.9924041032791138,
                0.9961947798728943,
                0.9961947798728943
            ],
            "min": [
                -0.9983727931976318,
                -0.9961947798728943,
                -0.9961947798728943
            ]
        },
        {
            "bufferView": 10,
            "byteOffset": 0,
            "componentType": 5126,
            "count": 266,
            "type": "VEC2",
            "max": [
                0.9971411824226379,
                0.9971805214881897
            ],
            "min": [
                0.11928190290927887,
                0.5055426359176636
            ]
        },
        {
            "bufferView": 11,
            "byteOffset": 0,
            "componentType": 5125,
            "count": 534,
            "type": "SCALAR",
            "max": [
                265
            ],
            "min": [
                0
            ]
        },
        {
            "bufferView": 12,
            "byteOffset": 0,
            "componentType": 5126,
            "count": 32,
            "type": "VEC3",
            "max": [
                -0.40782037377357485,
                0.2420189082622528,
                1.8344124555587769
            ],
            "min": [
                -1.4208383560180665,
                -0.2684445083141327,
                1.5268853902816773
            ]
        },
        {
            "bufferView": 13,
            "byteOffset": 0,
            "componentType": 5126,
            "count": 32,
            "type": "VEC3",
            "max": [
                0.9765536189079285,
                1.0,
                1.0
            ],
            "min": [
                -1.0,
                -1.0,
                -1.0
            ]
        },
        {
            "bufferView": 14,
            "byteOffset": 0,
            "componentType": 5126,
            "count": 32,
            "type": "VEC2",
            "max": [
                0.9936463832855225,
                0.1376059651374817
            ],
            "min": [
                0.8206300139427185,
                0.013689100742340088
            ]
        },
        {
            "bufferView": 15,
            "byteOffset": 0,
            "componentType": 5125,
            "count": 60,
            "type": "SCALAR",
            "max": [
                31
            ],
            "min": [
                0
            ]
        },
        {
            "bufferView": 16,
            "byteOffset": 0,
            "componentType": 5126,
            "count": 104,
            "type": "VEC3",
            "max": [
                0.6988236308097839,
                1.5367470979690552,
                2.3978278636932375
            ],
            "min": [
                -0.6988233923912048,
                0.9182667136192322,
                1.3755990266799927
            ]
        },
        {
            "bufferView": 17,
            "byteOffset": 0,
            "componentType": 5126,
            "count": 104,
            "type": "VEC3",
            "max": [
                1.0,
                1.0,
                1.0
            ],
            "min": [
                -1.0,
                -1.0,
                -1.0
            ]
        },
        {
            "bufferView": 18,
            "byteOffset": 0,
            "componentType": 5126,
            "count": 104,
            "type": "VEC2",
            "max": [
                0.7076944708824158,
                0.9905216097831726
            ],
            "min": [
                0.36769986152648928,
                0.7776657342910767
            ]
        },
        {
            "bufferView": 19,
            "byteOffset": 0,
            "componentType": 5125,
            "count": 192,
            "type": "SCALAR",
            "max": [
                103
            ],
            "min": [
                0
            ]
        },
        {
            "bufferView": 20,
            "byteOffset": 0,
            "componentType": 5126,
            "count": 112,
            "type": "VEC3",
            "max": [
                0.7266129851341248,
                1.2439312934875489,
                3.1820168495178224
            ],
            "min": [
                -0.7266131639480591,
                -0.9400981664657593,
                2.066537618637085
            ]
        },
        {
            "bufferView": 21,
            "byteOffset": 0,
            "componentType": 5126,
            "count": 112,
            "type": "VEC3",
            "max": [
                1.0,
                0.9659256935119629,
                0.998629629611969
            ],
            "min": [
                -1.0,
                -0.9335808157920837,
                -0.9967943429946899
            ]
        },
        {
            "bufferView": 22,
            "byteOffset": 0,
            "componentType": 5126,
            "count": 112,
            "type": "VEC2",
            "max": [
                0.7530986666679382,
                0.9829019904136658
            ],
            "min": [
                0.11928190290927887,
                0.5055426359176636
            ]
        },
        {
            "bufferView": 23,
            "byteOffset": 0,
            "componentType": 5125,
            "count": 240,
            "type": "SCALAR",
            "max": [
                111
            ],
            "min": [
                0
            ]
        },
        {
            "bufferView": 24,
            "byteOffset": 0,
            "componentType": 5126,
            "count": 60,
            "type": "VEC3",
            "max": [
                0.575107216835022,
                0.7425270676612854,
                2.7026491165161135
            ],
            "min": [
                -0.5650172233581543,
                -0.7510694861412048,
                1.7660455703735352
            ]
        },
        {
            "bufferView": 25,
            "byteOffset": 0,
            "componentType": 5126,
            "count": 60,
            "type": "VEC3",
            "max": [
                1.0,
                1.0,
                0.9510564208030701
            ],
            "min": [
                -1.0,
                -0.8090171217918396,
                -0.951056718826294
            ]
        },
        {
            "bufferView": 26,
            "byteOffset": 0,
            "componentType": 5126,
            "count": 60,
            "type": "VEC2",
            "max": [
                0.7598025798797607,
                0.675504207611084
            ],
            "min": [
                0.12596717476844788,
                0.2992737889289856
            ]
        },
        {
            "bufferView": 27,
            "byteOffset": 0,
            "componentType": 5125,
            "count": 108,
            "type": "SCALAR",
            "max": [
                59
            ],
            "min": [
                0
            ]
        },
        {
            "bufferView": 28,
            "byteOffset": 0,
            "componentType": 5126,
            "count": 574,
            "type": "VEC3",
            "max": [
                1.0067507028579713,
                1.8657948970794678,
                3.6888108253479006
            ],
            "min": [
                -1.0190140008926392,
                -2.3428380489349367,
                1.4504324197769166
            ]
        },
        {
            "bufferView": 29,
            "byteOffset": 0,
            "componentType": 5126,
            "count": 574,
            "type": "VEC3",
            "max": [
                1.0,
                1.0,
                1.0
            ],
            "min": [
                -1.0,
                -1.0,
                -1.0
            ]
        },
        {
            "bufferView": 30,
            "byteOffset": 0,
            "componentType": 5126,
            "count": 574,
            "type": "VEC2",
            "max": [
                0.9938082098960877,
                0.98395836353302
            ],
            "min": [
                0.005303883459419012,
                0.014520406723022461
            ]
        },
        {
            "bufferView": 31,
            "byteOffset": 0,
            "componentType": 5125,
            "count": 1356,
            "type": "SCALAR",
            "max": [
                573
            ],
            "min": [
                0
            ]
        },
        {
            "bufferView": 32,
            "byteOffset": 0,
            "componentType": 5126,
            "count": 39,
            "type": "VEC3",
            "max": [
                0.4819742441177368,
                0.26196569204330447,
                1.884865403175354
            ],
            "min": [
                -0.4732479751110077,
                -0.2600676119327545,
                1.3102771043777466
            ]
        },
        {
            "bufferView": 33,
            "byteOffset": 0,
            "componentType": 5126,
            "count": 39,
            "type": "VEC3",
            "max": [
                0.9712432026863098,
                1.0,
                1.0
            ],
            "min": [
                -0.9712430834770203,
                -1.0,
                -1.0
            ]
        },
        {
            "bufferView": 34,
            "byteOffset": 0,
            "componentType": 5126,
            "count": 39,
            "type": "VEC2",
            "max": [
                0.8080217838287354,
                0.5480965375900269
            ],
            "min": [
                0.3104497194290161,
                0.007115423679351807
            ]
        },
        {
            "bufferView": 35,
            "byteOffset": 0,
            "componentType": 5125,
            "count": 75,
            "type": "SCALAR",
            "max": [
                38
            ],
            "min": [
                0
            ]
        }
    ],
    "buffers": [
        {
            "byteLength": 60156,
            "uri": "Duskmas.bin"
        }
    ],
    "bufferViews": [
        {
            "buffer": 0,
            "byteOffset": 0,
            "byteLength": 3192,
            "target": 34962
        },
        {
            "buffer": 0,
            "byteOffset": 3192,
            "byteLength": 3192,
            "target": 34962
        },
        {
            "buffer": 0,
            "byteOffset": 6384,
            "byteLength": 2128,
            "target": 34962
        },
        {
            "buffer": 0,
            "byteOffset": 8512,
            "byteLength": 2136,
            "target": 34963
        },
        {
            "buffer": 0,
            "byteOffset": 10648,
            "byteLength": 384,
            "target": 34962
        },
        {
            "buffer": 0,
            "byteOffset": 11032,
            "byteLength": 384,
            "target": 34962
        },
        {
            "buffer": 0,
            "byteOffset": 11416,
            "byteLength": 256,
            "target": 34962
        },
        {
            "buffer": 0,
            "byteOffset": 11672,
            "byteLength": 240,
            "target": 34963
        },
        {
            "buffer": 0,
            "byteOffset": 11912,
            "byteLength": 3192,
            "target": 34962
        },
        {
            "buffer": 0,
            "byteOffset": 15104,
            "byteLength": 3192,
            "target": 34962
        },
        {
            "buffer": 0,
            "byteOffset": 18296,
            "byteLength": 2128,
            "target": 34962
        },
        {
            "buffer": 0,
            "byteOffset": 20424,
            "byteLength": 2136,
            "target": 34963
        },
        {
            "buffer": 0,
            "byteOffset": 22560,
            "byteLength": 384,
            "target": 34962
        },
        {
            "buffer": 0,
            "byteOffset": 22944,
            "byteLength": 384,
            "target": 34962
        },
        {
            "buffer": 0,
            "byteOffset": 23328,
            "byteLength": 256,
            "target": 34962
        },
        {
            "buffer": 0,
            "byteOffset": 23584,
            "byteLength": 240,
            "target": 34963
        },
        {
            "buffer": 0,
            "byteOffset": 23824,
            "byteLength": 1248,
            "target": 34962
        },
        {
            "buffer": 0,
            "byteOffset": 25072,
            "byteLength": 1248,
            "target": 34962
        },
        {
            "buffer": 0,
            "byteOffset": 26320,
            "byteLength": 832,
            "target": 34962
        },
        {
            "buffer": 0,
            "byteOffset": 27152,
            "byteLength": 768,
            "target": 34963
        },
        {
            "buffer": 0,
            "byteOffset": 27920,
            "byteLength": 1344,
            "target": 34962
        },
        {
            "buffer": 0,
            "byteOffset": 29264,
            "byteLength": 1344,
            "target": 34962
        },
        {
            "buffer": 0,
            "byteOffset": 30608,
            "byteLength": 896,
            "target": 34962
        },
        {
            "buffer": 0,
            "byteOffset": 31504,
            "byteLength": 960,
            "target": 34963
        },
        {
            "buffer": 0,
            "byteOffset": 32464,
            "byteLength": 720,
            "target": 34962
        },
        {
            "buffer": 0,
            "byteOffset": 33184,
            "byteLength": 720,
            "target": 34962
        },
        {
            "buffer": 0,
            "byteOffset": 33904,
            "byteLength": 480,
            "target": 34962
        },
        {
            "buffer": 0,
            "byteOffset": 34384,
            "byteLength": 432,
            "target": 34963
        },
        {
            "buffer": 0,
            "byteOffset": 34816,
            "byteLength": 6888,
            "target": 34962
        },
        {
            "buffer": 0,
            "byteOffset": 41704,
            "byteLength": 6888,
            "target": 34962
        },
        {
            "buffer": 0,
            "byteOffset": 48592,
            "byteLength": 4592,
            "target": 34962
        },
        {
            "buffer": 0,
            "byteOffset": 53184,
            "byteLength": 5424,
            "target": 34963
        },
        {
            "buffer": 0,
            "byteOffset": 58608,
            "byteLength": 468,
            "target": 34962
        },
        {
            "buffer": 0,
            "byteOffset": 59076,
            "byteLength": 468,
            "target": 34962
        },
        {
            "buffer": 0,
            "byteOffset": 59544,
            "byteLength": 312,
            "target": 34962
        },
        {
            "buffer": 0,
            "byteOffset": 59856,
            "byteLength": 300,
            "target": 34963
        }
    ],
    "images": [
        {
            "uri": "Duskmas.dds"
        }
    ],
    "materials": [
        {
            "name": "08 - Default",
            "pbrMetallicRoughness": {
                "baseColorTexture": {
                    "index": 0
                },
                "baseColorFactor": [
                    0.5882353186607361,
                    0.5882353186607361,
                    0.5882353186607361,
                    1.0
                ],
                "metallicFactor": 0.0,
                "roughnessFactor": 0.8585786819458008
            },
            "extensions": {
                "KHR_materials_pbrSpecularGlossiness": {
                    "diffuseFactor": [
                        0.5882353186607361,
                        0.5882353186607361,
                        0.5882353186607361,
                        1.0
                    ],
                    "specularFactor": [
                        0.8999999761581421,
                        0.8999999761581421,
                        0.8999999761581421
                    ],
                    "glossinessFactor": 0.14142131805419923,
                    "diffuseTexture": {
                        "index": 0
                    }
                }
            }
        }
    ],
    "meshes": [
        {
            "name": "Object01",
            "primitives": [
                {
                    "mode": 4,
                    "material": 0,
                    "indices": 3,
                    "attributes": {
                        "POSITION": 0,
                        "NORMAL": 1,
                        "TEXCOORD_0": 2
                    }
                }
            ]
        },
        {
            "name": "Object03",
            "primitives": [
                {
                    "mode": 4,
                    "material": 0,
                    "indices": 7,
                    "attributes": {
                        "POSITION": 4,
                        "NORMAL": 5,
                        "TEXCOORD_0": 6
                    }
                }
            ]
        },
        {
            "name": "Object02",
            "primitives": [
                {
                    "mode": 4,
                    "material": 0,
                    "indices": 11,
                    "attributes": {
                        "POSITION": 8,
                        "NORMAL": 9,
                        "TEXCOORD_0": 10
                    }
                }
            ]
        },
        {
            "name": "Object04",
            "primitives": [
                {
                    "mode": 4,
                    "material": 0,
                    "indices": 15,
                    "attributes": {
                        "POSITION": 12,
                        "NORMAL": 13,
                        "TEXCOORD_0": 14
                    }
                }
            ]
        },
        {
            "name": "Object05",
            "primitives": [
                {
                    "mode": 4,
                    "material": 0,
                    "indices": 19,
                    "attributes": {
                        "POSITION": 16,
                        "NORMAL": 17,
                        "TEXCOORD_0": 18
                    }
                }
            ]
        },
        {
            "name": "Object06",
            "primitives": [
                {
                    "mode": 4,
                    "material": 0,
                    "indices": 23,
                    "attributes": {
                        "POSITION": 20,
                        "NORMAL": 21,
                        "TEXCOORD_0": 22
                    }
                }
            ]
        },
        {
            "name": "Object07",
            "primitives": [
                {
                    "mode": 4,
                    "material": 0,
                    "indices": 27,
                    "attributes": {
                        "POSITION": 24,
                        "NORMAL": 25,
                        "TEXCOORD_0": 26
                    }
                }
            ]
        },
        {
            "name": "Object08",
            "primitives": [
                {
                    "mode": 4,
                    "material": 0,
                    "indices": 31,
                    "attributes": {
                        "POSITION": 28,
                        "NORMAL": 29,
                        "TEXCOORD_0": 30
                    }
                }
            ]
        },
        {
            "name": "NPC4_02",
            "primitives": [
                {
                    "mode": 4,
                    "material": 0,
                    "indices": 35,
                    "attributes": {
                        "POSITION": 32,
                        "NORMAL": 33,
                        "TEXCOORD_0": 34
                    }
                }
            ]
        }
    ],
    "nodes": [
        {
            "name": "RootNode",
            "children": [
                1
            ]
        },
        {
            "name": "Root_$AssimpFbx$_Translation",
            "matrix": [
                1.0,
                0.0,
                0.0,
                0.0,
                0.0,
                1.0,
                0.0,
                0.0,
                0.0,
                0.0,
                1.0,
                0.0,
                0.0,
                1.4954437017440797,
                5.960464477539063e-8,
                1.0
            ],
            "children": [
                2
            ]
        },
        {
            "name": "Root_$AssimpFbx$_PreRotation",
            "matrix": [
                1.0,
                0.0,
                0.0,
                0.0,
                0.0,
                -4.371138828673793e-8,
                -1.0,
                0.0,
                0.0,
                1.0,
                -4.371138828673793e-8,
                0.0,
                0.0,
                0.0,
                0.0,
                1.0
            ],
            "children": [
                3
            ]
        },
        {
            "name": "Root_$AssimpFbx$_Rotation",
            "matrix": [
                -4.371138828673793e-8,
                1.0,
                0.0,
                0.0,
                -1.0,
                -4.371138828673793e-8,
                0.0,
                0.0,
                0.0,
                0.0,
                1.0,
                0.0,
                0.0,
                0.0,
                0.0,
                1.0
            ],
            "children": [
                4
            ]
        },
        {
            "name": "Root",
            "children": [
                5
            ]
        },
        {
            "name": "Pelvis",
            "children": [
                6,
                10,
                14,
                24
            ]
        },
        {
            "name": "R leg",
            "matrix": [
                -4.314917134706775e-8,
                -0.9871379733085632,
                0.15987060964107514,
                0.0,
                -1.5593252555845539e-7,
                0.15987060964107514,
                0.9871379733085632,
                0.0,
                -1.0,
                1.766515822509973e-8,
                -1.60825194939207e-7,
                0.0,
                -0.20056048035621644,
                -0.4408484101295471,
                0.14259028434753419,
                1.0
            ],
            "children": [
                7,
                9
            ]
        },
        {
            "name": "R foot",
            "matrix": [
                -0.07322753220796585,
                -0.9973152875900269,
                -2.123635489681419e-8,
                0.0,
                0.993520200252533,
                -0.0729488804936409,
                -0.08715574443340302,
                0.0,
                0.08692175894975662,
                -0.0063822208903729919,
                0.9961947202682495,
                0.0,
                1.010114073753357,
                8.233721260353377e-9,
                7.222688225283491e-9,
                1.0
            ],
            "children": [
                8
            ]
        },
        {
            "name": "Object01",
            "matrix": [
                0.08715567737817764,
                0.9924038648605347,
                0.08682417869567871,
                0.0,
                5.4016709327697757e-8,
                0.08715582638978958,
                -0.9961946606636047,
                0.0,
                -0.9961947202682495,
                0.08682402968406677,
                0.007596071809530258,
                0.0,
                1.7995214462280274,
                -1.437970519065857,
                -0.14910496771335603,
                1.0
            ],
            "mesh": 0
        },
        {
            "name": "Object03",
            "matrix": [
                0.9871379733085632,
                -0.15987060964107514,
                8.542466645167224e-8,
                0.0,
                5.8279702841446127e-8,
                -1.74482082115901e-7,
                -1.0,
                0.0,
                0.15987060964107514,
                0.9871379733085632,
                -1.6292068494294654e-7,
                0.0,
                -0.6970517039299011,
                -1.5464868545532227,
                -0.14910517632961274,
                1.0
            ],
            "mesh": 1
        },
        {
            "name": "L leg",
            "matrix": [
                1.9220286162635603e-7,
                0.9871379733085632,
                0.15987060964107514,
                0.0,
                1.2583431185930749e-8,
                -0.15987060964107514,
                0.9871379733085632,
                0.0,
                1.0,
                -1.8771902432490607e-7,
                -4.314917134706775e-8,
                0.0,
                -0.2005603164434433,
                0.4365987777709961,
                0.14259028434753419,
                1.0
            ],
            "children": [
                11,
                13
            ]
        },
        {
            "name": "L foot",
            "matrix": [
                -0.07322753220796585,
                -0.9973152875900269,
                -3.755060618004791e-8,
                0.0,
                0.993520200252533,
                -0.0729488804936409,
                0.08715573698282242,
                0.0,
                -0.08692175149917603,
                0.006382162217050791,
                0.9961947202682495,
                0.0,
                1.010114073753357,
                2.602857129829772e-8,
                -2.299796797444742e-9,
                1.0
            ],
            "children": [
                12
            ]
        },
        {
            "name": "Object02",
            "matrix": [
                -0.08715575933456421,
                -0.9924038648605347,
                0.0868241935968399,
                0.0,
                9.406358003616333e-8,
                0.08715583384037018,
                0.9961946606636047,
                0.0,
                -0.9961947202682495,
                0.08682411164045334,
                -0.007596040144562721,
                0.0,
                1.799521565437317,
                -1.433720588684082,
                0.1491050273180008,
                1.0
            ],
            "mesh": 2
        },
        {
            "name": "Object04",
            "matrix": [
                -0.9871379733085632,
                0.15987059473991395,
                8.542466645167224e-8,
                0.0,
                5.319797935499082e-8,
                -2.0585974880305003e-7,
                1.0,
                0.0,
                0.15987059473991395,
                0.9871379733085632,
                1.9470718370939722e-7,
                0.0,
                -0.6928567290306091,
                -1.5471662282943726,
                0.14910493791103364,
                1.0
            ],
            "mesh": 3
        },
        {
            "name": "Spine",
            "matrix": [
                1.0,
                0.0,
                0.0,
                0.0,
                0.0,
                1.0,
                0.0,
                0.0,
                0.0,
                0.0,
                1.0,
                0.0,
                -1.862645149230957e-8,
                -7.105427357601002e-15,
                0.27195239067077639,
                1.0
            ],
            "children": [
                15,
                21
            ]
        },
        {
            "name": "upperarm",
            "matrix": [
                -0.8927310705184937,
                -7.80450264414867e-8,
                0.4505898654460907,
                0.0,
                0.4505898654460907,
                8.310320254167891e-8,
                0.8927310705184937,
                0.0,
                -1.0711868725366003e-7,
                1.0,
                -3.902251322074335e-8,
                0.0,
                0.5186750888824463,
                0.0,
                0.17148160934448243,
                1.0
            ],
            "children": [
                16,
                20
            ]
        },
        {
            "name": "forearm",
            "matrix": [
                -0.9604049921035767,
                0.2786076068878174,
                -2.0618056595367308e-8,
                0.0,
                -0.2786076068878174,
                -0.9604049921035767,
                -4.102826522967007e-9,
                0.0,
                -2.094476236891296e-8,
                1.8039720828255668e-9,
                1.0,
                0.0,
                1.345840573310852,
                3.9278599928138649e-8,
                2.278880195660804e-8,
                1.0
            ],
            "children": [
                17,
                19
            ]
        },
        {
            "name": "hand",
            "matrix": [
                0.6041744351387024,
                0.7968521118164063,
                0.0,
                0.0,
                -0.7968521118164063,
                0.6041744351387024,
                -3.1798650379499806e-9,
                0.0,
                -2.533882215161043e-9,
                1.9211932045237747e-9,
                1.0,
                0.0,
                1.75062096118927,
                7.874207597069472e-8,
                5.530798041775142e-9,
                1.0
            ],
            "children": [
                18
            ]
        },
        {
            "name": "Object05",
            "matrix": [
                -4.371138828673793e-8,
                0.0,
                -1.0,
                0.0,
                0.4472135007381439,
                -0.8944272398948669,
                -1.954832384853944e-8,
                0.0,
                -0.8944272398948669,
                -0.4472135007381439,
                3.9096654802506239e-8,
                0.0,
                1.50124990940094,
                1.9685877561569214,
                -1.6398409741213983e-7,
                1.0
            ],
            "mesh": 4
        },
        {
            "name": "Object06",
            "matrix": [
                -4.371138828673793e-8,
                0.0,
                -1.0,
                0.0,
                0.9829211831092835,
                -0.18402713537216187,
                -4.296484945598422e-8,
                0.0,
                -0.18402713537216187,
                -0.9829211831092835,
                8.044081845071105e-9,
                0.0,
                1.0889644622802735,
                2.3856449127197267,
                -1.6196841556848086e-7,
                1.0
            ],
            "mesh": 5
        },
        {
            "name": "Object07",
            "matrix": [
                -4.371138828673793e-8,
                0.0,
                -1.0,
                0.0,
                -0.8927310705184937,
                0.4505898952484131,
                3.902251322074335e-8,
                0.0,
                0.4505898952484131,
                0.8927310705184937,
                -1.969591068018417e-8,
                0.0,
                -0.36466553807258608,
                -1.9877914190292359,
                -2.01222178475291e-7,
                1.0
            ],
            "mesh": 6
        },
        {
            "name": "Object08",
            "matrix": [
                -4.371138828673793e-8,
                -1.0,
                0.0,
                0.0,
                1.0,
                -4.371138828673793e-8,
                0.0,
                0.0,
                0.0,
                0.0,
                1.0,
                0.0,
                -0.0514553003013134,
                0.0,
                -1.767396092414856,
                1.0
            ],
            "children": [
                22,
                23
            ],
            "mesh": 7
        },
        {
            "name": "GunDummy",
            "matrix": [
                1.0,
                0.0,
                0.0,
                0.0,
                0.0,
                1.0,
                0.0,
                0.0,
                0.0,
                0.0,
                1.0,
                0.0,
                0.0,
                1.852312445640564,
                2.036733627319336,
                1.0
            ]
        },
        {
            "name": "GunDummy01",
            "matrix": [
                1.0,
                0.0,
                0.0,
                0.0,
                0.0,
                1.0,
                0.0,
                0.0,
                0.0,
                0.0,
                1.0,
                0.0,
                0.0,
                1.161281943321228,
                2.950711488723755,
                1.0
            ]
        },
        {
            "name": "NPC4_02",
            "matrix": [
                -1.6292068494294654e-7,
                -1.0,
                0.0,
                0.0,
                1.0,
                -1.6292068494294654e-7,
                8.742279078433057e-8,
                0.0,
                -8.742279078433057e-8,
                1.4242980980825466e-14,
                1.0,
                0.0,
                -0.051455266773700717,
                7.450580596923828e-9,
                -1.4954437017440797,
                1.0
            ],
            "mesh": 8
        }
    ],
    "samplers": [
        {}
    ],
    "scenes": [
        {
            "nodes": [
                0
            ]
        }
    ],
    "textures": [
        {
            "source": 0,
            "sampler": 0
        }
    ],
    "scene": 0
}